 ID    STAR   period      m       BV_INTMEAN  EBV   V_AMPL MV    d  Z   RV_MEAN RADIUS BIN  1H?      
         
 2.0   SZAql  17.140849   8.599      1.389   0.641  1.163 -4.78  1898 -77   10.5    113.8
 3.0   TTAql  13.754707   7.141      1.292   0.495  1.082 -4.51  1055 -58    1.9    95.8
 4.0   FFAql  4.470916    5.372      0.756   0.224  0.321 -3.55  441   49   -19.4          
 5.0   FMAql  6.114230    8.270      1.277   0.646  0.724 -3.48  890   14   -7.0    53.8
 6.0   FNAql  9.481603    8.382      1.214   0.510  0.564 -4.04  1473 -80   13.1
 8.0  V336Aql 7.303976    9.848      1.312   0.644  0.742 -3.71  2053 -77   11.5
 9.0  V493Aql 2.987751    11.083     1.280   0.684  0.494 -2.58  2024 -58
 10.0 V496Aql 6.807055    7.751      1.146   0.413  0.349 -3.62  1043 -129   7.9    45.5
 11.0 V526Aql 4.211200    12.708     1.509   0.983  1.188 -3.02  3437 -130
 12.0 V600Aql 7.238748    10.037     1.462   0.869  0.677 -3.70  1617 -74    3.1
 15.0 V916Aql 13.441550   10.785     1.781   1.089  0.942 -4.48  2387  68   16.8
 16.0 V1162Aql 5.376100    7.798     1.366   0.205  0.267 -3.32  1249 -398  12.7
 18.0 V1344Aql 7.478030    7.767     1.366   0.574  0.267 -3.74  882  -40
 19.0 V1359Aql 7.780000    9.059     1.350   0.694  0.057 -3.79  1378 -417                                      
 21.0 V340Ara 20.809000   10.164     1.539   0.574  1.146 -5.03  4819 -315  -82.2
 23.0  YAur   3.859502    9.607      0.911   0.394  0.820 -2.91  1816 137    8.5
 24.0  RTAur  3.728190    5.446      0.595   0.051  0.803 -2.86  426   66   21.0    35.1
 25.0  RXAur  11.623537   7.655      1.009   0.276  0.664 -4.29  1652 -37   -23.3   63.4
 26.0  SYAur  10.144698   9.074      1.000   0.454  0.638 -4.12  2277  85   -3.5    61.6
 27.0  YZAur  18.193212   10.332     1.375   0.565  0.834 -4.86  4876  80
 28.0  ANAur  10.290560   10.455     1.218   0.593  0.717 -4.14  3559 -61    4.5
 29.0  AOAur  6.763006    10.860     1.060   0.453  0.957 -3.61  4107 143
 31.0  AXAur  3.046640    12.412     1.155   0.598  0.758 -2.61  4296 121
 32.0  BKAur  8.002432    9.427      1.062   0.446  0.730 -3.82  2360 242   -41.3
 33.0  COAur  1.783010    7.706      0.675   0.228  0.418 -1.93  611   63   12.6                       
 34.0  CYAur  13.847650   11.851     1.600   0.807  0.903 -4.52  5941 205
 35.0  ERAur  15.690730   11.520     1.124   0.519  0.591 -4.67  8243 249
 37.0  EWAur  2.659560    13.513     1.149   0.634  0.745 -2.44  6274 -435
 38.0  FFAur  2.120530    13.698     0.972   0.621  1.057 -2.15  6090 -233
 39.0  GVAur  5.259800    12.076     1.193   0.581  0.753 -3.30  5188 385
 40.0  INAur  4.911100    13.814     1.455   0.948  0.579 -3.21  6562 -72
 41.0 V335Aur 3.413250    12.461     1.137   0.658  0.943 -2.75  4308 299
 42.0  RWCam  16.414812   8.691      1.351   0.649  0.888 -4.73  1913 127   -26.5   123.8
 44.0  TVCam  5.294970    11.659     1.198   0.644  0.960 -3.30  3913 419
 45.0  ABCam  5.787640    11.849     1.235   0.689  1.030 -3.42  4233 239
 46.0  ACCam  4.156769    12.597     1.559   0.962  0.649 -3.00  3334 118
 47.0  ADCam  11.260991   12.564     1.588   0.908  1.092 -4.25  6310 365
 48.0  AMCam  3.997197    13.504     1.541   1.034  0.616 -2.95  4464 412
 49.0  RWCMa  5.729685    11.096     1.225   0.544  0.657 -3.40  3647 -243  50.0
 50.0  RYCMa  4.678250    8.110      0.847   0.248  0.726 -3.15  1254  6    32.9    43.1
 51.0  RZCMa  4.254832    9.697      1.004   0.464  0.611 -3.03  1810 -35   24.6
 53.0  TVCMa  4.670010    10.582     1.175   0.583  0.766 -3.15  2426 -100  39.0
 54.0  TWCMa  6.995070    9.561      0.970   0.357  0.635 -3.65  2635  6    66.5    57.3
 57.0  AOCMa  5.815420    12.603     1.316   0.738  0.770 -3.42  4357 -374                          
 58.0  BCCMa  4.175400    12.990     1.073   0.569  0.815 -3.00  7018 -424
 59.0  CPCMa  4.845690    13.277     1.170   0.645  0.727 -3.19  7836 -693
 61.0  UCar   38.768100   6.288      1.183   0.283  1.165 -5.81  1754  1     1.7    162.2            
 62.0  VCar   6.696672    7.362      0.872   0.174  0.601 -3.60  1215 -258  13.9    40.6   
 64.0  SXCar  4.860000    9.089      0.887   0.326  0.785 -3.20  1802  42   -11.4
 65.0  UWCar  5.345773    9.426      0.971   0.457  0.810 -3.32  1844 -57   -14.4
 66.0  UXCar  3.682246    8.308      0.627   0.123  0.780 -2.85  1430  4     8.1    26.4
 67.0  UYCar  5.543726    8.967      0.818   0.189  0.735 -3.36  2230 -126   4.0
 68.0  UZCar  5.204660    9.323      0.875   0.187  0.588 -3.28  2564 -103  -20.9
 71.0  WZCar  23.013200   9.247      1.142   0.384  1.221 -5.16  4399 -91   -14.7   110.7
 72.0  XXCar  15.716240   9.322      1.054   0.349  1.301 -4.67  3820 -325  -10.9   93.7
 73.0  XYCar  12.434830   9.295      1.214   0.417  0.898 -4.38  2995 -202  -5.6    81.6
 74.0  XZCar  16.649900   8.601      1.266   0.367  1.045 -4.75  2771 -37    1.5    110.6
 76.0  AQCar  9.768960    8.851      0.928   0.161  0.632 -4.08  3065 -176   2.1    64.9
 77.0  CCCar  4.759950    12.035     1.195   0.526  0.636 -3.17  5187 -144   6.9
 79.0  CNCar  4.932610    10.700     1.089   0.419  0.675 -3.21  3328 -75    9.0
 81.0  CRCar  9.760940    11.565     1.246   0.504  0.639 -4.07  6524 -42   25.3
 82.1  CTCar  18.062100   12.246     1.331   0.582  1.051 -4.85  #### -553  111.0                    
 83.0  CYCar  4.265930    9.782      0.953   0.389  0.511 -3.03  2101 -32    8.6
 84.0  DYCar  4.674610    11.314     1.003   0.391  0.768 -3.15  4471 -74   -1.3
 85.0  ERCar  7.718550    6.824      0.867   0.101  0.470 -3.78  1143  29   -19.0
 88.0  EYCar  2.875980   10.318     0.854   0      0.466 -2.53  2250 -82   18.0           
 91.0  FICar  13.458200   11.610     1.514   0.726  0.792 -4.48  5860  71   13.2
 94.0  FNCar  4.585690    11.542     1.101   0.581  0.708 -3.12  3734  -8   -13.0
 95.0  FOCar  10.356800   10.731     1.220   0.461  0.600 -4.15  4902 -179  -10.8
 96.0  FQCar  10.273990   11.818     1.497   0.868  0.838 -4.14  4502 -28   -3.1
 98.0  FZCar  3.577920    11.968     1.200   0.654  0.355 -3.26  4363  24   -1.6               
 99.0  GHCar  5.725570    9.177      0.932   0.414  0.307 -3.86  2245 -10                      
100.0  GICar  4.430610    8.323      0.739   0.175  0.338 -3.53  1831  81   -20.6   32.7          
103.0  GXCar  7.196730    9.364      1.043   0.405  0.853 -3.69  2289 -122
104.0  GZCar  4.159010    10.261     0.979   0.419  0.513 -3.00  2468 -84   -8.5                       
107.0  HWCar  9.200200    9.163      1.055   0.193  0.366 -4.00  3258 -128
111.0  IOCar  12.690000   11.101     1.221   0.527  0.386 -4.49  5953 -98   39.3                     
113.0  ITCar  7.533200    8.097      0.990   0.193  0.338 -3.75  1777 -34   -14.9
113.5 V397Car 2.063500    8.320      0.754   0.279  0.215 -2.55  1003 -155                     
114.0  lCar   35.551341   3.724      1.299   0.170  0.725 -5.70  602  -73    3.6    183.7
115.0  RSCas  6.295983    9.932      1.490   0.875  0.750 -3.52  1406  19   -24.5
116.0  RWCas  14.791548   9.117      1.096   0.420  1.190 -4.60  3041 -242  -71.3   101.7
117.0  RYCas  12.138880   9.927      1.384   0.649  0.900 -4.35  3828 -217  -70.5
119.0  SWCas  5.440950    9.705      1.081   0.494  0.662 -3.34  2008 -56   -38.0
121.0  SZCas  13.637747   9.853      1.419   0.819  0.416 -4.50  2306 -47   -45.9
122.0  TUCas  2.139298    7.733      0.582   0.115  0.553 -2.16  808  -160  -18.9                      
123.0  UZCas  4.259459    11.338     1.110   0.520  0.720 -3.03  3558 -96   -51.0
124.0  VVCas  6.207059    10.724     1.143   0.553  0.880 -3.50  3176 -117  -50.5
125.0  VWCas  5.993859    10.697     1.245   0.475  0.700 -3.46  3443 -64   -58.5
126.0  XYCas  4.501697    9.935      1.147   0.560  0.580 -3.10  1819 -87   -42.0
127.0  APCas  6.847000    11.543     1.459   0.834  0.650 -3.63  3292  6    -44.5
128.0  ASCas  3.021250    12.248     1.342   0.867  0.306 -2.60  2704  71                              
129.0  AWCas  4.278330    12.071     1.446   0.915  0.772 -3.03  2837 -55
130.0  AYCas  2.871294    11.537     1.270   0.775  0.720 -2.53  2152  97                     
131.0  BFCas  3.630270    12.470     1.271   0.778  0.866 -2.83  3781 -103
132.0  BPCas  6.272724    10.920     1.550   0.948  0.790 -3.52  1996  99   -46.5
133.0  BVCas  5.399640    12.397     1.542   1.040  0.861 -3.33  3167 -14
135.0  CDCas  7.800890    10.738     1.449   0.818  0.790 -3.79  2503  48   -54.9
136.0 CECasA  5.140900    10.922     1.171   0.584  0.550 -3.27  2994 -52   -78.1                    
137.0 CECasB  4.479300    11.062     1.042   0.554  0.697 -3.09  3068 -54                             
138.0  CFCas  4.875220    11.136     1.174   0.566  0.603 -3.20  3283 -57   -77.7   40.6            
140.0  CHCas  15.086190   10.973     1.650   0.939  1.103 -4.62  3442  99
141.0  CTCas  3.810610    12.257     1.322   0.793  0.616 -2.89  3449  31
142.0  CYCas  14.376860   11.641     1.738   1.012  1.150 -4.56  4100 140
143.0  CZCas  5.664380    11.713     1.424   0.861  0.820 -3.39  3067  36
144.0  DDCas  9.812027    9.876      1.188   0.501  0.589 -4.08  3024  26   -70.1   85.1
145.0  DFCas  3.832472    10.848     1.181   0.599  0.600 -2.90  2389  63   -33.0  
148.0  DWCas  4.997760    11.112     1.475   0.884  0.593 -3.23  2092 -81
149.0  EXCas  4.305300    12.804     1.468   0.788  0.634 -3.04  4789 -35
150.0  FMCas  5.809284    9.127      0.989   0.351  0.576 -3.42  1958 -213  -29.1   62.1
151.0  FOCas  6.798800    14.297     1.357   0.803  0.855 -3.62  #### -382
152.0  FWCas  6.237050    12.443     1.480   0.912  0.503 -3.51  4219 -40
153.0  GLCas  4.007890    12.744     1.268   0.741  0.799 -2.95  4779 -173
155.0  GOCas  3.239040    13.215     1.630   1.106  0.547 -2.68  3120 -48
156.0  IOCas  5.603920    13.673     1.164   0.614  0.815 -3.38  #### -467
157.0  KKCas  8.191650    11.921     1.624   0.992  0.585 -3.85  3461 -124
158.0  LTCas  5.904880    12.528     1.244   0.720  1.046 -3.44  5587 316
159.0  NPCas  6.170600    13.582     1.755   1.179  0.649 -3.50  4846  23
161.0  OPCas  5.512800    11.909     1.617   1.014  0.612 -3.35  2654  31
162.0  OZCas  5.080000    13.472     2.168   1.629  0.661 -3.25  2160 -26
163.0  PWCas  3.999927    13.078     1.305   0.725  0.563 -2.95  5703  6
164.0 V342Cas 3.919890    12.034     1.287   0.725  0.504 -2.92  3488 -114
166.0 V395Cas 4.037771    10.717     1.146   0.601  0.560 -2.96  2307  72                            
167.0 V407Cas 4.584553    11.996     1.340   0.759  0.461 -3.12  3573  -4
168.0 V636Cas 8.377000    7.199      1.365   0.700  0.188 -3.88  605   12   -24.9
169.0  VCen   5.493861    6.836      0.875   0.289  0.804 -3.35  721   42   -23.2   45.3             
170.0  TXCen  17.093600   10.532     1.691   1.058  1.157 -4.78  2549 -27   -52.0
171.0  UZCen  3.334340    8.765      0.740   0.275  0.802 -2.72  1338 -21   -11.9                      
174.0  AYCen  5.309750    8.830      1.009   0.310  0.580 -3.31  1721  12   -15.5
177.0  BKCen  3.173887    10.008     0.886   0.330  0.632 -2.66  2141 -392  -26.3                      
180.0  KKCen  12.180300   11.480     1.282   0.642  1.010 -4.35  5861 277   -2.7
181.0  KNCen  34.029641   9.870      1.582   0.788  1.097 -5.65  4122 -152  -39.7   179.9
183.0  MYCen  3.718610    12.080     1.636   1.253  0.776 -2.86  1634 -33   -15.2
184.0  MZCen  10.353000   11.531     1.570   0.913  0.746 -4.15  3717 -101  -30.6
186.0  QYCen  17.752400   11.762     2.150   1.520  1.013 -4.83  2377  -9   -58.7
187.0 V339Cen 9.466000    8.753      1.191   0.428  0.603 -4.04  1964 -19   -24.4   62.6
189.0 V381Cen 5.078780    7.653      0.792   0.205  0.720 -3.25  1131  86   -31.8     
191.0 V496Cen 4.424190    9.966      1.172   0.568  0.593 -3.08  1807  62
191.5 V553Cen 2.060510    8.457      0.691   0.218  0.482 -2.11  953  398
192.0 V641Cen 81.000000   10.443     1.932   0.978  0.673 -6.74  6766  30   -41.0                    
193.0 V659Cen 5.621800    6.598      0.758   0.134  0.240 -3.38  818   13                  C
195.0 V737Cen 7.065850    6.719      0.999   0.216  0.317 -3.67  879  -25
197.0  AKCep  7.232680    11.180     1.341   0.704  0.610 -3.70  3464  22   -45.6
198.0  CNCep  9.502500    12.376     1.853   1.170  0.590 -4.04  3612 217
199.0  CPCep  17.859000   10.590     1.668   0.682  0.740 -4.84  4604  86   -40.5
200.0  CRCep  6.232964    9.656      1.396   0.758  0.364 -3.51  1456  9    -32.3
201.0  IRCep  2.114124    7.784      0.888   0.434  0.372 -2.15  522   45   -5.3
202.0  IYCep  5.656906    12.839     1.507   0.908  0.676 -3.39  4818 -33
203.0  KOCep  4.558090    14.127     1.928   1.357  0.572 -3.11  4006  6
204.0  MUCep  3.767820    12.244     1.349   0.833  0.690 -2.87  3215  16
205.0 DelCep  5.366270    3.954      0.657   0.092  0.838 -3.32  250   2    -16.0   41.6
206.0  AVCir  3.065100    7.439      0.910   0.397  0.315 -2.61  580  -73
209.0  RCru   5.825750    6.766      0.772   0.192  0.794 -3.42  828   15   -16.5
210.0  SCru   4.689596    6.600      0.761   0.163  0.690 -3.15  706   55   -7.1    42.1
211.0  TCru   6.733200    6.566      0.922   0.193  0.498 -3.61  823   6    -9.8
212.0  XCru   6.219970    8.404      1.001   0.286  0.591 -3.51  1605 105   -25.0
214.0  SVCru  7.004270    12.104     1.345   0.845  0.797 -3.66  4255 -30   -15.4         
217.0  VWCru  5.265220    9.622      1.309   0.675  0.615 -3.30  1465 -18   -2.7
219.0  ADCru  6.397890    11.051     1.279   0.680  0.760 -3.54  3138  24   -34.3
221.0  AGCru  3.837254    8.225      0.738   0.211  0.852 -2.90  1242  66   -8.5    30.3
224.0  XCyg   16.386332   6.391      1.130   0.288  0.986 -4.73  1111 -83    8.6    118.1
226.0  SZCyg  15.109642   9.432      1.477   0.631  0.879 -4.63  2637 183   -12.1   117.6
227.0  TXCyg  14.708157   9.511      1.784   1.181  1.221 -4.59  1225 -49   -20.4
228.0  VXCyg  20.133407   10.069     1.704   0.791  1.043 -4.99  3322 -202  -18.0
229.0  VYCyg  7.856982    9.593      1.215   0.652  0.810 -3.80  1881 -152  -11.9   59.1
231.0  BZCyg  10.141932   10.213     1.573   0.933  0.547 -4.12  1942  47   -13.2
232.0  CDCyg  17.073967   8.947      1.266   0.514  1.225 -4.78  2677  67   -11.6   102.4
234.0  EPCyg  4.318600    12.739     1.207   0.686  0.859 -3.05  5401 329
235.0  EXCyg  4.850793    12.980     1.667   1.078  0.739 -3.19  3678 110
236.0  EZCyg  11.659717   11.088     1.434   0.824  0.925 -4.30  3687  37
237.0  GHCyg  7.817930    9.924      1.266   0.662  0.806 -3.79  2150  -3   -11.1
238.0  GICyg  5.782550    11.751     1.456   0.781  0.674 -3.41  3532 129
239.0  IYCyg  21.752570   13.097     1.892   1.198  1.419 -5.08  7826 242
240.0  KXCyg  20.046700   11.935     2.364   1.764  1.158 -4.98  1947  58
242.0 V347Cyg 8.736200    12.480     1.712   1.100  0.683 -3.93  3981  81
243.0 V356Cyg 5.057610    12.443     1.402   0.778  0.757 -3.25  4531 -44
244.0 V386Cyg 5.257606    9.635      1.491   0.895  0.685 -3.29  1072 -91   -5.1    41.9
245.0 V396Cyg 33.247000   11.415     2.270   1.148  0.878 -5.62  4957 332
246.0 V402Cyg 4.364836    9.873      1.008   0.417  0.557 -3.06  2128  84   -12.7
247.0 V438Cyg 11.211058   10.937     1.946   1.130  1.029 -4.25  2172  86   -10.2
248.0 V459Cyg 7.251250    10.601     1.439   0.798  0.705 -3.70  2320  28   -20.7
249.0 V492Cyg 7.580170    12.389     1.651   1.065  0.534 -3.76  3711  62
250.0 V495Cyg 6.716310    10.621     1.623   1.027  0.449 -3.60  1616  -2   -10.7                   
251.0 V514Cyg 5.098910    11.431     1.673   1.139  0.831 -3.26  1706  43
252.0 V520Cyg 4.049068    10.851     1.349   0.802  0.636 -2.97  1849  52   -22.8
253.0 V532Cyg 3.283612    9.086      1.036   0.534  0.341 -2.70  1062 -56   -16.2
254.0 V538Cyg 6.118961    10.456     1.283   0.675  0.537 -3.49  2348 -16   -17.3
255.0 V547Cyg 6.225410    13.391     1.527   0.996  0.989 -3.51  5790 343
256.0 V554Cyg 4.327815    14.176     1.158   0.642  0.748 -3.05  #### 814
257.0 V609Cyg 31.072000   11.002     2.008   1.322  1.201 -5.53  3067 143
258.0 V621Cyg 5.864000    11.754     1.189   0.558  0.859 -3.43  4907 -152
260.0 V924Cyg 5.571472    10.710     0.847   0.258  0.257 -3.37  4529 421   -12.8
261.0 V1020Cyg 4.919964   13.711     1.841   1.329  0.789 -3.21  3566 101
262.0 V1025Cyg 6.961760   12.984     1.724   1.112  0.750 -3.65  4339  29
263.0 V1033Cyg 4.937512   13.027     1.609   1.067  0.611 -3.22  3871  33
264.0 V1046Cyg 4.944500   12.356     1.709   1.143  0.600 -3.22  2550  29
265.0 V1154Cyg 4.925460   9.190      0.925   0.335  0.404 -3.21  1872 285   -4.5
268.0 V1364Cyg 12.976400  13.263     1.984   1.302  0.730 -4.43  5328 145
269.0 V1467Cyg 48.600000  13.487     2.490   1.630  1.087 -6.10  8095  92
271.0 BetaDor 9.842425    3.731      0.807   0.044  0.630 -4.08  343  -186   7.4    64.4
272.0  WGem   7.913779    6.950      0.889   0.283  0.822 -3.81  947   56   -0.1    50.7
273.0  RZGem  5.529286    10.007     1.025   0.570  0.952 -3.36  2089  -3   12.0    52.5
274.0  AAGem  11.302328   9.721      1.061   0.330  0.664 -4.26  3905 184    9.5
275.0  ADGem  3.787980    9.857      0.694   0.167  0.623 -2.88  2779 369   45.0
277.0  DXGem  3.137486    10.746     0.936   0.451  0.350 -2.64  2498 120   16.0
278.0 ZetaGem 10.150730   3.918      0.798   0.018  0.480 -4.12  395   81    6.9    64.9
279.0  VLac   4.983468    8.936      0.873   0.356  0.940 -3.23  1631 -73   -25.4   43.0
280.0  XLac   5.444990    8.407      0.901   0.362  0.405 -3.34  1333 -58   -25.3   64.7
281.0  YLac   4.323776    9.146      0.731   0.217  0.705 -3.05  2017 -142  -22.0   50.3                 
283.0  RRLac  6.416243    8.848      0.885   0.353  0.764 -3.55  1823 -64   -38.8   45.6
285.0  BGLac  5.331932    8.883      0.949   0.336  0.611 -3.31  1699 -273  -18.6   45.4
286.0  DFLac  4.479250    11.873     1.199   0.583  0.650 -3.09  4277 -163
288.0  GHLup  9.277948    7.635      1.210   0.364  0.192 -4.01  1269  74   -16.1   58.2
289.0 V473Lyr 1.490780    6.182      0.632   0.026  0.277 -1.71  365   47   -14.7                     
290.0  TMon   27.024649   6.124      1.166   0.209  1.028 -5.36  1470 -65   27.0    130.6 O C         
291.0  SVMon  15.232780   8.219      1.048   0.249  1.105 -4.64  2615 -167  27.1    99.7
292.0  TWMon  7.096900    12.575     1.339   0.696  0.506 -3.67  6576 -22
293.0  TXMon  8.701731    10.960     1.096   0.511  0.633 -3.93  4583 -62   51.0
294.0  TYMon  4.022695    11.740     1.158   0.572  0.595 -2.96  3842  84   59.5
297.0  VZMon  5.083400    13.589     1.605   1.041  0.574 -3.25  5293  91                            
298.0  WWMon  4.662310    12.505     1.128   0.635  0.980 -3.14  5436  26
300.0  YYMon  3.454700    13.761     1.104   0.670  0.988 -2.77  7759 -390
301.0  AAMon  3.938164    12.707     1.409   0.832  0.786 -2.93  4140 -31   66.1
302.0  ACMon  8.014250    10.067     1.165   0.508  0.698 -3.83  2914 -94
303.0  BEMon  2.705510    10.578     1.134   0.622  0.538 -2.46  1649  28   45.4
304.0  BVMon  3.014960    11.431     1.109   0.612  0.515 -2.59  2664 151                          
305.0  CSMon  6.731920    11.002     1.161   0.528  0.529 -3.61  3936 -84
306.0  CUMon  4.707873    13.607     1.393   0.789  0.742 -3.16  7315 -527
307.0  CVMon  5.378898    10.299     1.297   0.714  0.727 -3.32  1910 -60   18.9    48.1              
308.0  EEMon  4.808960    12.941     0.966   0.488  0.864 -3.18  8349 -549  68.9
309.0  EKMon  3.957941    11.048     1.195   0.584  0.553 -2.94  2726 -39
310.0  FGMon  4.496590    13.310     1.209   0.684  0.720 -3.10  7204 -11   88.7
311.0  FIMon  3.287822    12.924     1.068   0.539  0.570 -2.70  6175 110   85.8
312.0 V446Mon 1.919459    14.538     1.411   0.880  0.610 -2.02  9256 -207
313.0 V447Mon 2.483800    14.108     1.471   0.967  0.970 -2.35  4921  40
315.0 V484Mon 3.135233    13.726     1.198   0.710  0.854 -2.64  6808 -654
316.0 V495Mon 4.096583    12.427     1.241   0.640  0.568 -2.98  4837 -379
317.0 V504Mon 2.774050    11.814     1.036   0.565  0.436 -2.49  3240 -186
318.0 V508Mon 4.133608    10.518     0.898   0.323  0.450 -2.99  3172  48   58.8
319.0 V510Mon 7.307175    12.681     1.527   0.842  0.460 -3.71  5704  26
322.0  RMus   7.510467    6.298      0.757   0.120  0.760 -3.74  857  -98    0.1
325.0  TZMus  4.944885    11.702     1.287   0.697  0.657 -3.22  3567 -187  -24.6
326.0  UUMus  11.636410   9.781      1.150   0.413  1.009 -4.30  3632 -205  -17.0   63.7
329.0  SNor   9.754244    6.394      0.941   0.189  0.640 -4.07  945  -89    5.8    66.4   C        
330.0  UNor   12.643710   9.238      1.576   0.892  1.016 -4.40  1495  -4   -21.8   84.5
331.0  RSNor  6.198136    10.027     1.287   0.580  0.804 -3.50  2217 -46   -40.5
332.0  SYNor  12.645687   9.513      1.340   0.794  0.892 -4.40  1951 -23   -32.9
333.0  TWNor  10.786180   11.704     1.930   1.338  0.902 -4.20  2245  12   -56.6   91.2              
335.0  GUNor  3.452877    10.411     1.273   0.684  0.588 -2.76  1622 -49   -24.5
337.0  IQNor  8.238620    9.566      1.314   0.672  0.657 -3.86  1857  86 
339.0 V340Nor 11.287000   8.375      1.149   0.335  0.310 -4.26  2086 -81   -40.0   72.6             
340.0  YOph   17.126908   6.169      1.377   0.655  0.483 -4.78  608  107   -6.6    93.5
341.0  BFOph  4.067510    7.337      0.868   0.247  0.636 -2.97  810  121   -29.0   34.5
342.0  RSOri  7.566881    8.412      0.945   0.389  0.812 -3.75  1553  9    40.5
344.0  CSOri  3.889390    11.381     0.924   0.402  0.850 -2.91  4064 -320  15.5
349.0  GQOri  8.616068    8.965      0.976   0.279  0.685 -3.92  2535 -195  43.9    72.4
351.0  SVPer  11.129318   9.020      1.029   0.434  0.875 -4.24  2415 -64   -4.5    64.0
352.0  SXPer  4.289967    11.158     1.155   0.490  0.800 -3.04  3434 -380   5.5
353.0  UXPer  4.565815    11.664     1.027   0.538  0.973 -3.12  4127 -222  -41.5
354.0  UYPer  5.365106    11.344     1.479   0.919  0.886 -3.32  2307 -57   -45.0                      
355.0  VXPer  10.889040   9.312      1.158   0.515  0.684 -4.21  2427 -125  -35.4   77.3
356.0  VYPer  5.531830    11.257     1.544   0.941  0.871 -3.36  2188 -64   -39.5
357.0  ASPer  4.972516    9.723      1.302   0.713  0.869 -3.22  1401 -21
359.0  BMPer  22.951900   10.388     1.793   0.915  1.447 -5.15  3470  -5   -41.6
360.0  CIPer  3.377900    12.680     0.812   0.278  0.508 -2.74  8159 -613
361.0  DWPer  3.649785    11.555     1.187   0.659  0.710 -2.83  2940 -160
362.0  GPPer  2.041600    14.085     1.123   0.737  0.789 -2.10  6026 -398
363.0  HQPer  8.637930    11.595     1.234   0.592  0.511 -3.92  5445 -312
364.0  HZPer  11.279000   13.767     2.110   1.274  0.753 -4.26  6473 -287
365.0  MMPer  4.118415    10.802     1.062   0.515  0.686 -2.99  2746 -253
366.0  OTPer  26.091000   13.479     2.246   1.441  1.078 -5.31  7325  72
368.0  XPup   25.961000   8.460      1.127   0.443  1.280 -5.31  3015 -41   65.3    128.5
369.0  RSPup  41.387600   6.947      1.393   0.446  1.105 -5.90  1963  -7   22.1    197.7
370.0  VWPup  4.285370    11.365     1.065   0.514  0.742 -3.04  3650 -39
371.0  VXPup  3.010870    8.328      0.610   0.136  0.456 -2.59  1257 -29    8.8                      
372.0  VZPup  23.171000   9.621      1.162   0.471  1.267 -5.16  4615 -266  63.3    112.5
373.0  WWPup  5.516724    10.554     0.874   0.398  0.987 -3.36  3436  58
374.0  WXPup  8.937050    9.063      0.968   0.319  0.693 -3.96  3552 -85   54.6    76.5
375.0  WYPup  5.250800    10.569     0.791   0.270  0.788 -3.29  4022 190
376.0  WZPup  5.027286    10.326     0.789   0.220  0.756 -3.24  3774 220   64.0
377.0  ADPup  13.594000   9.863      1.049   0.330  1.128 -4.49  4634  -2
378.0  APPup  5.084274    7.371      0.838   0.208  0.647 -3.25  989  -99   16.9
379.0  AQPup  30.104000   8.791      1.423   0.512  1.037 -5.49  3429  7    59.5    162.9
383.0  BMPup  7.198530    10.817     1.205   0.612  0.946 -3.69  3326 -58   64.4
384.0  BNPup  13.673100   9.882      1.186   0.438  1.159 -4.50  4026  75   65.7    83.2
389.0  HWPup  13.454000   12.050     1.237   0.723  1.122 -4.48  7207  98   116.2
398.0  DGSge  4.437270    13.222     1.938   1.428  0.772 -3.08  2383 -67
399.0  GXSge  12.899600   12.463     2.037   1.310  1.093 -4.43  3685  19
400.0  GYSge  51.062500   10.151     2.286   1.376  0.684 -6.16  2565 -25   15.6                    
401.0  USgr   6.745229    6.695      1.087   0.403  0.717 -3.61  647  -50    2.8    51.4                      
403.0  XSgr   7.012877    4.549      0.739   0.197  0.590 -3.66  331   1    -13.7   49.8
404.0  YSgr   5.773380    5.744      0.856   0.205  0.725 -3.41  505  -19   -2.5    50.0
405.0  VYSgr  13.557200   11.511     1.941   1.283  1.175 -4.49  2539 -48
406.0  WZSgr  21.849789   8.030      1.392   0.467  1.105 -5.09  2160 -50   -15.7   119.1            
407.0  XXSgr  6.424140    8.852      1.107   0.543  0.855 -3.55  1392 -46    2.0
409.0  APSgr  5.057916    6.955      0.807   0.192  0.832 -3.25  836  -36   -15.0   44.0
411.0  AYSgr  6.569590    10.549     1.457   0.919  0.850 -3.58  1803 -76   -26.5
412.0  BBSgr  6.637102    6.947      0.987   0.284  0.597 -3.59  854  -134   4.9    40.3                        
416.0 V773Sgr 5.748445    12.389     2.223   1.620  0.719 -3.41  1420 -13   -0.9
417.0 V1954Sgr 6.179449   10.831     1.462   0.875  0.772 -3.50  2107 -64
426.0  RVSco  6.061306    7.040      0.955   0.342  0.824 -3.47  776   77   -16.6   47.7
427.0  RYSco  20.320144   8.004      1.426   0.777  0.830 -5.00  1315 -78   -17.7   99.8
428.0  KQSco  28.689600   9.807      1.934   0.896  0.900 -5.43  3104 -41   -22.1   148.9             
429.0 V470Sco 16.261500   11.069     2.120   1.517  0.948 -4.72  1647  9    -2.8
430.0 V482Sco 4.527807    7.965      0.975   0.360  0.652 -3.11  981   3     7.6    44.4
431.0 V500Sco 9.316839    8.729      1.276   0.599  0.715 -4.02  1508 -36   -14.2   53.1            
439.0  XSct   4.198070    10.006     1.140   0.619  0.834 -3.01  1657 -45   11.1
440.0  YSct   10.341483   9.628      1.539   0.823  0.799 -4.15  1759 -26   12.3    83.5
441.0  ZSct   12.901325   9.600      1.330   0.542  0.986 -4.43  2951 -40   37.2   
443.0  SSSct  3.671253    8.211      0.944   0.337  0.523 -2.84  1003 -32   -8.6    29.5
444.0  SUSct  1.467978    13.663     0.853   0.459  0.826 -1.69  6110 -637
445.0  TYSct  11.053020   10.831     1.657   1.014  0.896 -4.23  2418  5    25.5
446.0  UZSct  14.744200   11.305     1.784   1.071  0.880 -4.59  3273 -86   38.8
447.0  BXSct  6.411330    12.241     2.066   1.318  0.825 -3.54  2183 -65   -2.4
448.0  CKSct  7.415220    10.590     1.566   0.795  0.511 -3.73  2350 -19   -0.4
449.0  CMSct  3.916977    11.106     1.371   0.771  0.611 -2.92  2124 -16   40.8
450.0  CNSct  9.992300    12.478     2.106   1.267  0.684 -4.10  3389  1    19.7   
452.0  EWSct  5.823300    7.979      1.725   1.128  0.359 -3.42  381   -1   -18.6                      
456.0 V367Sct 6.293070    11.596     1.769   1.130  0.412 -3.52  2102 -30   -8.4    41.1           
457.0  AASer  17.141200   12.228     2.315   1.603  0.915 -4.78  2562  78   -44.3
458.0  BQSer  4.270900    9.501      1.399   0.841  0.261 -3.03  963   90   -14.0   31.8               
459.0  CRSer  5.301410    10.842     1.644   1.011  0.752 -3.31  1598  78    5.0
461.0  STTau  4.034299    8.217      0.847   0.355  0.778 -2.96  1036 -145   0.5    41.4
462.0  SZTau  3.148380    6.531      0.844   0.294  0.330 -2.65  451  -145   0.3    38.6              
463.0  AETau  3.896450    11.679     1.129   0.604  0.689 -2.92  3510 -216
466.0  RTrA   3.389287    6.660      0.722   0.127  0.561 -2.74  633  -85   -13.2   25.3
467.0  STrA   6.323465    6.397      0.752   0.100  0.768 -3.53  838  -120   3.9    39.2
468.0  UTrA   2.568423    7.878      0.608   0.088  0.547 -2.39  998  -140  -13.1                    
470.0  TVel   4.639819    8.024      0.922   0.281  0.617 -3.14  1144 -75    5.7    40.0
471.0  VVel   4.371043    7.589      0.788   0.209  0.689 -3.06  1001 -73   -27.9   32.8
472.0  RYVel  28.135700   8.397      1.352   0.562  0.980 -5.41  2588  67   -10.5   135.2
473.0  RZVel  20.398240   7.079      1.120   0.335  1.181 -5.00  1615 -54   24.1    111.7             
474.0  STVel  5.858425    9.704      1.195   0.503  0.663 -3.43  2065 -172   7.4
475.0  SVVel  14.097070   8.524      1.054   0.392  1.028 -4.54  3282 136    3.5
476.0  SWVel  23.441000   8.120      1.162   0.349  1.230 -5.18  2777 -145  23.0    116.9             
477.0  SXVel  9.549930    8.251      0.888   0.250  0.784 -4.05  2022 -77   30.9    61.0
478.0  XXVel  6.984570    10.654     1.162   0.572  0.835 -3.65  3207 111   15.0
480.0  AEVel  7.133570    10.262     1.243   0.667  0.867 -3.68  2371 -25   14.8
482.0  APVel  3.127760    10.017     0.991   0.515  0.872 -2.64  1630 -39   26.3                       
483.0  AXVel  3.673100    8.197      0.691   0.224  0.503 -2.84  1171 -157  22.1    36.1              
487.0  CPVel  9.842260    12.762     1.629   0.917  0.627 -4.08  6308 -352  73.9
488.0  CSVel  5.904740    11.681     1.448   0.847  0.758 -3.44  3155 -42   26.8    43.1               
489.0  CXVel  6.255425    11.374     1.413   0.759  0.652 -3.51  3208 -188  16.0
492.0  DRVel  11.199300   9.520      1.518   0.685  0.708 -4.25  2135  50   20.6    88.6
493.0  EXVel  13.234100   11.562     1.561   0.814  0.783 -4.46  5009 -195  33.5
495.0  FGVel  6.453200    11.814     1.493   0.851  0.559 -3.55  3509 -47
497.0  SVul   68.464000   8.962      1.892   0.827  0.588 -6.53  3852  56   -2.0    271.6             
498.0  TVul   4.435462    5.754      0.635   0.064  0.643 -3.08  533  -94   -0.9    38.2                 
500.0  XVul   6.319543    8.849      1.389   0.848  0.769 -3.53  891  -20   -16.1   46.2         
502.0  ASVul  12.224726   12.251     1.923   1.245  0.919 -4.36  3551  78
503.0  BRVul  5.197170    10.687     1.474   0.911  0.813 -3.28  1693 -31
504.0  DGVul  13.608310   11.371     1.983   1.263  1.127 -4.49  2450 -39    2.6
505.0  GQVul  12.643870   13.650     2.236   1.642  1.057 -4.40  3879  18

